0 0.204833984375 0.6142578125 0.04296875 0.04296875
0 0.56396484375 0.4384765625 0.04296875 0.04296875
0 0.71533203125 0.8408203125 0.04296875 0.04296875
0 0.23291015625 0.369140625 0.04296875 0.04296875
0 0.7919921875 0.32421875 0.04296875 0.04296875
0 0.249755859375 0.061279296875 0.04296875 0.04296875
0 0.484130859375 0.099853515625 0.04296875 0.04296875
0 0.666015625 0.306396484375 0.04296875 0.04296875
0 0.792236328125 0.775390625 0.04296875 0.04296875
0 0.14599609375 0.09130859375 0.04296875 0.04296875
0 0.39306640625 0.29443359375 0.04296875 0.04296875
0 0.512939453125 0.3662109375 0.04296875 0.04296875
0 0.815673828125 0.7255859375 0.04296875 0.04296875
0 0.06494140625 0.948974609375 0.04296875 0.04296875
0 0.3330078125 0.0693359375 0.04296875 0.04296875
0 0.066162109375 0.443603515625 0.04296875 0.04296875
0 0.13134765625 0.502197265625 0.04296875 0.04296875
0 0.380859375 0.620849609375 0.04296875 0.04296875
0 0.55029296875 0.087890625 0.04296875 0.04296875
0 0.84912109375 0.093994140625 0.04296875 0.04296875
0 0.607177734375 0.57421875 0.04296875 0.04296875
0 0.82421875 0.845458984375 0.04296875 0.04296875
0 0.6845703125 0.175048828125 0.04296875 0.04296875
0 0.207763671875 0.446533203125 0.04296875 0.04296875
0 0.640869140625 0.597900390625 0.04296875 0.04296875
0 0.849365234375 0.579345703125 0.04296875 0.04296875
0 0.228759765625 0.893798828125 0.04296875 0.04296875
0 0.646484375 0.108642578125 0.04296875 0.04296875
0 0.80712890625 0.12109375 0.04296875 0.04296875
0 0.483642578125 0.170654296875 0.04296875 0.04296875
0 0.447265625 0.406982421875 0.04296875 0.04296875
0 0.29931640625 0.4677734375 0.04296875 0.04296875
0 0.39501953125 0.070556640625 0.04296875 0.04296875
0 0.51025390625 0.7578125 0.04296875 0.04296875
0 0.736572265625 0.457275390625 0.04296875 0.04296875
0 0.77880859375 0.059814453125 0.04296875 0.04296875
0 0.744140625 0.6640625 0.04296875 0.04296875
0 0.677978515625 0.623779296875 0.04296875 0.04296875
0 0.85009765625 0.39404296875 0.04296875 0.04296875
0 0.31640625 0.784912109375 0.04296875 0.04296875
0 0.747802734375 0.75244140625 0.04296875 0.04296875
0 0.914306640625 0.696044921875 0.04296875 0.04296875
0 0.1533203125 0.918701171875 0.04296875 0.04296875
0 0.148193359375 0.662841796875 0.04296875 0.04296875
0 0.32958984375 0.946533203125 0.04296875 0.04296875
0 0.117919921875 0.599853515625 0.04296875 0.04296875
0 0.65576171875 0.916748046875 0.04296875 0.04296875
0 0.545166015625 0.91650390625 0.04296875 0.04296875
0 0.484375 0.925048828125 0.04296875 0.04296875
0 0.905029296875 0.492919921875 0.04296875 0.04296875
0 0.335693359375 0.515380859375 0.04296875 0.04296875
0 0.2353515625 0.150634765625 0.04296875 0.04296875
0 0.567626953125 0.542724609375 0.04296875 0.04296875
0 0.614013671875 0.340576171875 0.04296875 0.04296875
0 0.2685546875 0.556396484375 0.04296875 0.04296875
0 0.459716796875 0.8662109375 0.04296875 0.04296875
0 0.130615234375 0.38623046875 0.04296875 0.04296875
0 0.954833984375 0.125732421875 0.04296875 0.04296875
0 0.255615234375 0.25439453125 0.04296875 0.04296875
0 0.42431640625 0.76220703125 0.04296875 0.04296875
0 0.748779296875 0.178466796875 0.04296875 0.04296875
0 0.31396484375 0.83056640625 0.04296875 0.04296875
0 0.477294921875 0.582763671875 0.04296875 0.04296875
0 0.7783203125 0.519287109375 0.04296875 0.04296875
0 0.2880859375 0.931884765625 0.04296875 0.04296875
0 0.380859375 0.209716796875 0.04296875 0.04296875
0 0.66796875 0.539306640625 0.04296875 0.04296875
0 0.42431640625 0.699951171875 0.04296875 0.04296875
0 0.6181640625 0.288330078125 0.04296875 0.04296875
0 0.199951171875 0.694580078125 0.04296875 0.04296875
0 0.33837890625 0.24267578125 0.04296875 0.04296875
0 0.880859375 0.52978515625 0.04296875 0.04296875
0 0.666259765625 0.86572265625 0.04296875 0.04296875
0 0.3486328125 0.447998046875 0.04296875 0.04296875
0 0.093994140625 0.11083984375 0.04296875 0.04296875
0 0.955322265625 0.301513671875 0.04296875 0.04296875
0 0.92333984375 0.9296875 0.04296875 0.04296875
0 0.077880859375 0.70849609375 0.04296875 0.04296875
0 0.727294921875 0.31591796875 0.04296875 0.04296875
0 0.255859375 0.506103515625 0.04296875 0.04296875
0 0.9541015625 0.25537109375 0.04296875 0.04296875
0 0.59521484375 0.117919921875 0.04296875 0.04296875
0 0.8134765625 0.24267578125 0.04296875 0.04296875
0 0.433837890625 0.140869140625 0.04296875 0.04296875
0 0.2109375 0.28466796875 0.04296875 0.04296875
0 0.898681640625 0.728759765625 0.04296875 0.04296875
0 0.16552734375 0.279296875 0.04296875 0.04296875
0 0.174072265625 0.385009765625 0.04296875 0.04296875
0 0.158935546875 0.729248046875 0.04296875 0.04296875
0 0.349853515625 0.71044921875 0.04296875 0.04296875
0 0.43212890625 0.256591796875 0.04296875 0.04296875
0 0.520263671875 0.53955078125 0.04296875 0.04296875
0 0.42041015625 0.766357421875 0.04296875 0.04296875
0 0.361083984375 0.380859375 0.04296875 0.04296875
0 0.438232421875 0.94189453125 0.04296875 0.04296875
0 0.849853515625 0.33154296875 0.04296875 0.04296875
0 0.642333984375 0.68212890625 0.04296875 0.04296875
0 0.25634765625 0.736328125 0.04296875 0.04296875
0 0.3076171875 0.347900390625 0.04296875 0.04296875
0 0.44287109375 0.623291015625 0.04296875 0.04296875
0 0.076171875 0.7646484375 0.04296875 0.04296875
0 0.5830078125 0.196533203125 0.04296875 0.04296875
0 0.904541015625 0.233642578125 0.04296875 0.04296875
0 0.0439453125 0.82373046875 0.04296875 0.04296875
0 0.42431640625 0.83447265625 0.04296875 0.04296875
0 0.249267578125 0.41357421875 0.04296875 0.04296875
0 0.094482421875 0.183837890625 0.04296875 0.04296875
0 0.315185546875 0.30810546875 0.04296875 0.04296875